704 325
806 545 268 198 651 826 110 841 563 892 252 92 41 50 698 149 310 665 192 738 742 143 846 332 64 856 72 343 907 775 667 713 671 934 262 322 111 371 162 25 615 766 116 655 167 165 804 828 829 347 565 571 841 411 254 905 266 325 247 524 99 265 236 121 550 497 794 660 220 956 684 834 73 800 840 239 316 995 67 145 341 983 715 534 393 968 438 10 644 36 534 94 300 121 214 849 970 8 508 189 315 543 374 739 694 565 977 10 560 395 154 252 730 220 785 122 187 222 484 182 257 369 275 908 489 488 756 458 495 615 998 161 510 723 899 203 288 228 212 847 974 717 98 703 936 235 177 474 456 660 655 65 28 929 324 868 417 432 326 263 46 323 776 907 46 674 110 685 901 673 531 875 742 980 929 677 214 105 151 22 116 157 438 495 86 761 363 854 192 688 468 590 362 243 496 759 269 957 443 169 982 325 395 723 657 676 751 870 780 253 243 248 410 32 742 847 793 104 52 336 143 519 925 857 114 773 967 382 81 410 902 62 86 649 784 742 324 887 964 103 139 558 350 548 590 444 746 382 547 797 717 42 668 994 898 781 766 864 514 846 625 415 260 711 63 395 452 386 281 767 841 420 325 542 319 914 985 65 647 884 861 715 925 528 708 822 660 825 37 173 23 662 588 282 724 2 676 527 740 309 294 932 728 618 825 46 883 810 110 529 45 323 243 969 850 303 142 510 479 178 34 501 191 973 134 914 975 162 793 66 470 86 349 197 55 173 594 937 982 56 817 26 378 411 346 579 65 487 440 544 17 474 44 559 446 178 825 772 691 617 189 160 54 537 708 460 710 301 396 43 356 564 69 85 326 766 664 391 605 103 934 973 576 329 531 374 506 707 145 548 675 334 707 728 870 414 187 931 715 934 974 422 849 42 507 175 159 170 565 763 624 498 735 200 826 618 573 684 324 69 231 999 754 938 726 976 703 265 906 769 198 879 191 47 272 49 221 431 218 785 193 841 634 280 392 459 897 316 494 220 737 725 570 490 14 648 465 716 912 371 485 461 249 675 859 521 75 79 303 292 215 847 484 200 126 228 659 22 895 152 594 631 228 163 473 241 810 937 957 73 659 793 534 260 819 392 132 893 823 434 536 37 280 371 589 406 598 247 779 493 750 372 475 978 887 947 570 48 236 878 121 894 670 654 153 840 45 284 732 867 717 267 256 349 638 844 106 587 442 884 431 543 608 906 872 846 204 442 893 439 319 13 333 341 18 485 180 415 121 912 633 189 530 240 537 519 435 642 106 876 878 888 771 485 145 642 330 349 435 574 787 754 939 471 446 956 308 625 370 428 888 355 616 770 594 505 288 29 146 745 256 23 633 26 859 129 20 540 477 454 114 264 559 52 86 4 7 393 629 729 820 868 83 788 637 676 292 277 56 789 373 312 164 357 689 22 486 708 562 962 514 675 577 72 726 663 76 84 55 56 812 227 275 246 366 912 274 9 540 329 797 912 640 960 269 681 334 106 388 895 67 901 921 996 325 998 658 400 81 64 807 245 642 81 842 7 344 115 15 883 444 164 147 435 123 767 115 808 872 855 702 290 107 974 
1 175 659 294
2 126 580 
2 336 463 
1 265 318 764
2 167 700 
1 399 593 185
2 196 223 
1 146 646 575
1 228 564 60
1 57 519 280
2 182 276 
1 5 624 761
2 28 187 
1 417 530 140
1 77 515 559
2 493 532 
1 347 419 826
1 182 268 69
2 316 670 
2 118 591 
2 510 598 
1 56 690 781
1 560 579 817
1 24 700 914
1 608 619 851
1 410 529 170
1 176 677 728
2 238 659 
1 107 506 445
2 62 163 
2 699 704 
2 195 389 
1 206 218 113
1 110 540 961
1 403 428 867
1 203 642 290
2 440 521 
1 547 661 518
1 82 243 447
1 321 680 885
1 35 539 201
1 208 652 791
2 321 376 
2 72 258 
2 213 537 
2 33 417 
2 373 462 
2 65 454 
2 104 535 
2 427 576 
2 461 689 
2 636 668 
1 113 307 173
1 207 442 954
1 315 483 859
2 158 424 
1 133 237 897
2 131 569 
2 504 558 
1 314 488 517
2 185 484 
2 86 133 
2 403 528 
2 162 182 
2 212 697 
2 329 699 
2 90 232 
2 18 362 
1 215 521 563
1 63 369 22
2 107 247 
1 97 444 128
2 345 400 
1 377 557 675
2 4 615 
2 142 157 
1 174 504 757
2 54 151 
2 214 486 
1 460 697 286
2 263 590 
1 349 405 426
1 30 85 578
1 469 644 568
2 416 625 
1 158 420 134
1 52 570 537
1 113 438 347
1 161 402 496
1 460 629 524
2 377 545 
1 380 565 521
2 225 525 
1 446 469 270
1 80 143 998
2 286 403 
1 184 630 50
2 101 308 
1 15 561 72
1 116 391 461
1 420 472 551
2 330 420 
1 334 607 64
1 24 363 378
1 400 641 394
1 151 345 637
1 71 155 692
1 559 610 347
2 338 690 
2 341 379 
1 85 281 778
2 453 524 
1 143 649 314
1 58 227 431
2 431 587 
2 326 585 
2 244 554 
2 581 653 
1 281 703 953
1 365 393 805
1 206 576 859
2 85 584 
2 375 642 
1 101 209 323
1 33 45 274
1 276 472 787
1 206 673 617
1 222 500 791
2 276 558 
1 248 687 759
2 432 601 
2 361 640 
2 3 486 
1 35 568 233
1 203 335 223
2 172 447 
2 31 668 
1 585 646 780
2 35 129 
2 524 635 
1 291 590 865
1 293 430 549
2 45 293 
2 312 691 
2 547 591 
2 168 577 
2 518 520 
2 369 508 
2 587 606 
2 536 595 
1 186 539 361
2 254 329 
1 362 685 594
2 301 673 
2 119 579 
1 451 604 701
2 329 536 
1 183 437 691
2 332 597 
2 496 517 
2 120 354 
1 100 583 621
2 117 131 
1 112 696 899
1 38 506 801
2 120 366 
2 612 620 
2 247 595 
2 59 200 
1 310 412 222
2 282 354 
2 476 650 
1 588 606 640
2 208 217 
1 410 496 874
1 414 659 554
2 72 368 
2 194 568 
2 237 669 
2 332 383 
1 392 512 270
2 293 465 
1 332 672 135
2 463 697 
1 437 651 22
2 217 286 
1 213 630 814
1 449 619 354
2 204 361 
1 48 82 778
2 184 546 
1 407 514 414
2 399 582 
1 409 564 906
1 151 209 654
1 164 247 621
2 344 368 
2 315 612 
1 556 693 216
2 36 278 
1 11 442 519
2 171 657 
2 580 628 
1 84 138 406
2 44 302 
2 388 443 
1 295 305 245
1 49 347 877
2 84 98 
1 173 589 277
2 189 279 
1 64 266 643
1 377 404 986
1 229 420 835
1 47 171 357
2 103 384 
2 204 343 
1 349 365 155
1 393 470 773
1 148 520 384
1 358 699 379
1 59 486 811
2 2 653 
2 309 473 
1 600 640 970
2 398 535 
2 80 431 
2 580 613 
2 23 428 
1 182 445 370
2 116 171 
2 105 190 
2 201 255 
2 103 563 
1 209 522 190
1 39 71 902
1 266 448 600
1 53 495 750
1 271 299 346
1 386 639 34
1 272 680 187
2 153 194 
2 11 425 
2 289 527 
2 356 646 
2 123 271 
2 388 681 
1 275 686 975
1 65 104 766
1 501 555 337
1 10 414 349
2 21 606 
1 373 492 828
1 145 207 129
2 396 685 
2 29 377 
1 264 412 276
2 21 228 
2 44 585 
2 54 295 
2 138 430 
1 308 574 111
1 248 557 504
1 246 316 28
2 408 453 
2 12 115 
1 96 590 330
1 422 680 412
2 475 522 
1 380 676 70
1 26 557 57
1 188 409 796
1 163 420 838
2 78 449 
1 164 334 866
2 378 673 
1 7 596 733
1 64 66 57
1 242 608 987
2 120 534 
2 372 460 
2 90 534 
1 538 676 294
1 231 543 860
1 216 294 323
1 386 631 528
1 142 143 129
1 408 489 48
2 232 235 
2 129 475 
1 100 309 836
2 298 354 
1 334 553 288
1 67 150 285
1 117 565 112
1 533 584 859
1 296 447 684
2 302 497 
2 147 674 
1 270 484 822
2 68 387 
2 374 635 
2 42 145 
2 5 222 
1 51 71 648
1 351 543 625
2 137 648 
1 113 284 48
1 291 617 778
2 181 422 
1 417 554 64
1 538 659 517
2 50 700 
2 146 684 
2 48 260 
1 461 695 919
1 40 527 115
2 113 532 
2 72 599 
2 311 689 
2 231 643 
1 155 179 552
2 441 468 
2 404 552 
1 580 606 465
